
  Obs  ELIG_STUDYID  GENDER  ETHNICITY  RACE  RACE_COUNT  RAND_MANUFACTURER_00
-----  ------------  ------  ---------  ----  ----------  --------------------
    1         10001       1          2     1           1                     1
    2         10002       2          1     3           1                     2
    3         10003       1          2     4           1                     1
    4         10004       2          2     2           1                     2
    5         10005       1          1     5           1                     1
    6         10006       2          2     6           0                     2
    7         10007       1          2     7           2                     1
    8         10008       2          .     .           0                     .
    9         10009       1          2     7           3                     1
   10         10010       2          1     7           3                     2

                                                   The FREQ Procedure

                                  Cumulative    Cumulative
Race    Frequency    Percent     Frequency      Percent
-------------------------------------------------------------
                1     10.00            1        10.00
1               1     10.00            2        20.00
2               1     10.00            3        30.00
3               1     10.00            4        40.00
4               1     10.00            5        50.00
5               1     10.00            6        60.00
6               1     10.00            7        70.00
7               3     30.00           10       100.00
